((((((Rat:0.089566,
           Mouse:0.08448):0.065193,
          Prairie_vole:0.125658):0.158112,
         Guinea_pig:0.215578):0.035959,
        Rabbit:0.199508):0.015313,
       (((Human:0.006857,
         panTro5:0.006892):0.024645,
        rheMac8:0.036132):0.078005,
       Tarsier:0.139334):0.025077):0.017177,
      (((Dog:0.088804,
        Panda:0.077809):0.02167,
       Cat:0.089659):0.050845,
      Cow:0.167604):0.028744):0.244728;
